   1         "t+aa"   25  116.124176  50.780392  90.684509
   2         "t+ae"   24  107.045456  52.711700  74.764305
   3         "t+ai"   25  112.049278  60.106506 143.958725
   4            "e"   92  287.498627 294.385864 188.674225
   5         "t+au"   37   49.937088  53.873055 108.964897
   6         "t+ee"   33  119.480354  75.521194  66.120285
   7         "t+ii"  103  395.656433 282.680939 303.188629
   8         "t+oe"   25  111.056290  59.869648 116.018486
   9         "t+oi"   24  102.429962  59.980022 137.822830
  10         "t+uu"   59  353.042206 144.920029  95.036583
  11         "t-ae"   24  273.014160 213.320328 248.988251
  12         "t-ai"   25  127.366615 128.096085 289.909790
  13         "t-ao"   21   98.718964 256.550385 266.570343
  14         "t-au"   22  199.307861 142.326294 202.957031
  15         "t-oe"   25  119.018227 233.921051 217.189941
  16         "t-oi"   24   96.417244 100.820229 307.932892
  17         "t-ou"   21  165.380127 126.079834 169.863785
  18       "e-k+au"  123  617.074341 272.825989 237.693069
  19         "t-uu"   25  201.977219 339.731323 227.597290
  20        "k-e+t"   11   14.600920  16.594498  57.827148
  21           "sp" 4785  2880.743408
  22        "k-i+a"  145  315.055908 314.817535 424.750702
  23        "k-i+t"    1    3.417140   2.666322   2.264264
  24        "k-o+h"   13   27.993052  18.369694  39.460400
  25        "k-o+p"   52   76.318275  77.107903 211.933044
  26      "aa-t+ao"   21   99.406754  41.439804  45.145248
  27      "aa-t+au"   22  119.669899  43.364494  78.672974
  28      "aa-t+ou"   21  132.328690  46.727444  84.982681
  29       "uu-r+a"   34  109.089516  61.556198  69.936417
  30        "k-u+i"   94  152.996796 110.854172 119.116119
  31        "a-h+i"  109  241.735901 163.527054 245.966202
  32        "a-k+a"   91  425.671783 159.337769 113.002205
  33        "a-k+i"  107  494.769104 160.196304 130.025742
  34       "k-aa+i"  158  733.074280 624.444885 310.395691
  35        "a-m+a"  122  462.276245 254.380844 214.868546
  36        "a-n+a"   45  143.350494 102.391785 103.999985
  37        "a-r+a"  153  176.915649 172.477509 196.523926
  38        "a-r+e"   82  112.707726 117.688034 260.071533
  39        "a-r+i"  161  272.456268 197.501572 213.750534
  40        "a-r+o"   61   84.294235  74.516602  97.376266
  41        "a-r+u"   55   80.493561  79.688698 137.206894
  42       "m-aa+o"  164  1138.498169 309.236023 212.160187
  43       "m-aa+t"  132  992.214539 465.549255 1031.648438
  44        "a-t+a"  211  723.968384 312.806396 273.816650
  45        "a-t+i"   26  235.148392  42.885777  29.880291
  46        "n-o+h"   92  163.248108 130.469330 202.008499
  47        "a-w+a"   99  330.513336 271.724640 319.634125
  48         "m+aa"  228  810.188660 475.633850 492.480988
  49         "m+ai"   92  444.349518 189.132278 176.545135
  50         "m+ao"   25  223.506226  68.653160  61.230656
  51         "m+au"   47  307.995819 112.976608 120.149269
  52         "m+ou"   25  138.818375  74.694679  78.407295
  53         "m-ai"   92  237.931335 254.510742 203.174957
  54         "m-ao"   25  180.906021 359.731598 296.783997
  55         "m-au"   25  272.964661 188.787460 277.103424
  56       "k-au+m"   68  195.654755 253.348541 477.941071
  57       "t-uu+r"   34   55.351818  75.078781  78.525146
  58       "m-au+N"   22   66.986839  94.419212  82.761436
  59       "t-ee+n"   33  188.127655 124.012436 106.205269
  60        "t-a+N"   52  119.734283  93.153404  89.771500
  61        "t-a+h"  109  216.794113 151.627167 191.582001
  62        "t-a+m"  122  188.370010 166.633591 289.568207
  63        "t-a+r"   39  102.029671  62.597881  63.029903
  64        "t-e+k"  123  133.656097 168.048599 381.245178
  65        "t-e+r"   25   64.612228  58.245346  49.410751
  66       "h-oi+h"   24   86.892281 199.373444 132.562515
  67       "w-aa+h"  116  552.705994 386.976410 319.323181
  68        "t-i+k"   93  102.020149 112.450714 211.944214
  69        "t-i+r"    1    1.000004   1.000005   1.000002
  70        "t-i+u"   25   30.030748  47.323174 112.393089
  71       "w-ae+w"   22  100.134743  66.227074  71.406052
  72       "w-ai+a"   78  212.450104 271.507324 226.753616
  73       "w-ai+r"   36  112.108101 125.816925 141.573761
  74         "n-aa"   10   34.243294  26.788803  72.650932
  75         "n-au"   88  404.384857 214.283401 214.932495
  76         "n-ei"   23  167.896835 162.726746 194.813553
  77         "n-oo"    1    1.000273   0.999993   1.000071
  78        "t-o+r"  110  241.474304 179.950562 192.608109
  79          "N-a"  364  590.821594 486.916473 630.284119
  80          "N-i"   53   98.840752 106.049492 199.709946
  81       "a-n+oo"    1    6.420136   4.658835   2.916638
  82        "t-u+a"   68  125.850471  84.942558 201.123657
  83        "w-a+k"   91  133.646927 140.618195 347.753723
  84        "w-a+r"   55  119.382622  76.259064  80.552696
  85         "f+aa"  161  720.655579 368.471558 413.673187
  86      "aa-n+au"   88  353.401581 249.392151 238.533356
  87         "f-aa"   73  624.725891 174.194107 164.645020
  88         "w+aa"  240  539.180298 659.578674 665.436157
  89         "w+ae"   22   43.679352  51.854053  64.630402
  90         "w+ai"  114  220.565018 200.226410 230.081635
  91         "w-aa"  124  1141.650146 377.664551 436.469788
  92         "w-ae"   22   60.762974  74.205757  93.833961
  93          "a+n"    1    0.999974   1.000613   1.001584
  94          "a+r"   61  400.692200 110.852119  79.690170
  95          "a+w"   99  618.348694 297.281281 260.338959
  96      "oi-h+oi"   24  132.777664  94.202660 113.917267
  97        "m-a+r"  279  450.585266 326.038147 326.331085
  98        "m-a+t"  157  302.788422 297.731262 767.651917
  99       "p-oo+f"    4   13.009978   7.997087   8.823958
 100          "f+a"   82  382.165314 168.502823 149.813583
 101          "f+i"   53  178.161011  75.252884  63.509899
 102       "t-oe+t"   25   94.150360 148.155792 221.154617
 103          "h+a"   40  102.878220  59.604492  50.740551
 104          "h+o"    2    2.879135   2.332232   9.146196
 105          "h-a"   74  147.487915 100.253120 118.197746
 106          "h-i"  255  364.797363 425.474701 1005.289917
 107          "h-o"   92  206.374146 149.640762 168.995239
 108       "ai-a+t"   78  213.898682 175.219315 424.698120
 109          "i+w"  211  390.933136 688.996277 847.931396
 110          "i-a"  239  759.795349 382.119415 400.905579
 111          "i-u"   25   55.875103  36.068138  94.648491
 112        "m-i+h"   30   50.620594  60.320927  75.256805
 113          "k+a"  184  434.574036 283.386871 220.299606
 114          "k+e"   11   36.987461  20.271429  16.052536
 115          "k+i"   39  109.670670  72.748276  78.657173
 116          "k+o"   13   26.197096  21.681908  17.753958
 117          "k+u"   94  340.549896 233.850525 122.620491
 118          "k-a"  122  298.328186 207.630905 334.751862
 119          "k-i"  151  422.320099 356.234497 742.877441
 120          "k-u"   10   18.614086  10.499080  31.816862
 121          "m+a"  211  760.848938 413.359894 377.124146
 122          "m+i"   30  102.277611  34.484913  41.473202
 123          "m+o"   97  380.536743 140.874176 138.514267
 124          "m-a"  108  255.271179 144.437424 191.497726
 125          "n+o"   92  383.178253 244.737427 175.058487
 126          "n-a"   97  129.533401 111.897331 134.961838
 127          "n-e"   25   54.941647 110.613213 134.699127
 128          "n-o"   73  282.651062 106.484344 141.892929
 129          "o+n"   73  331.296021 178.335648 135.100647
 130          "o+r"   38  119.176308  52.079983  55.732140
 131          "p+u"   10   24.414560  13.811088  16.769514
 132        "m-o+a"   45  191.360275 100.287041  73.773659
 133        "m-o+k"   52   77.611511  70.533096 139.902054
 134          "r+a"    1    1.000000   1.000000   1.000000
 135          "r+i"  108  187.450699 163.458527 164.825607
 136          "r+u"  174  295.058594 209.481094 294.932465
 137          "r-a"   38  132.580048  65.189148  70.555214
 138          "r-e"  199  236.380539 308.702911 472.494141
 139          "r-i"  168  204.007492 269.041504 664.473877
 140          "r-o"  138  419.763977 198.119629 245.248184
 141          "r-u"  165  316.395081 198.212708 355.392731
 142          "t+a"  292  584.047852 375.330261 352.032440
 143          "t+e"  123  213.624329 145.032547 136.514694
 144          "t+i"   93  313.879700 138.476151 110.246857
 145          "t+o"  110  259.963226 188.382965 170.577667
 146          "t-a"  181  454.374054 231.520126 290.969879
 147          "t-e"   12   14.697542  19.721857  23.264530
 148          "t-u"   53   76.528305  61.997097 148.504150
 149          "sil" 9042  23681.847656 2880.743408 9669.404297
 150          "u-a"  278  712.223694 408.957458 493.511627
 151          "w+a"  146  328.070648 259.767853 235.713287
 152          "w-a"  210  508.981659 360.736847 423.045868
 153          "w-i"  100  208.263031 258.804718 420.652557
 154      "ae-w+ae"   22  129.732010  58.371601  54.274757
 155       "ai-r+u"   36  147.709412  60.986599  60.660034
 156         "N-ii"    9   34.106602  31.835302  27.477800
 157      "au-m+aa"   68  237.690063 167.256058 173.452484
 158         "p+ae"   24  100.225677  59.762142  70.175591
 159         "p+ai"   54  208.365967 143.521851 180.695175
 160         "p+ao"   25  100.792320  58.306530  50.939556
 161         "p+au"   25   78.320808  62.071819  94.103081
 162      "aa-N+ii"    9   45.719906  18.477680  17.650423
 163         "p+oo"   28  110.084839  71.088234  81.866745
 164         "p+ou"   24   96.691856 100.559418 102.778404
 165        "f-a+r"   82  180.899918 102.709625 103.980934
 166         "p-ae"   24  219.933670 210.662476 284.304504
 167         "p-ai"   54  184.184479 232.485367 332.145935
 168         "p-ao"   25  154.777023 337.595337 296.623993
 169         "p-au"   25  199.021332 186.074081 282.787628
 170       "f-aa+n"   88  590.982849 302.663666 184.164490
 171         "p-oo"   24  404.954498  84.330391  90.469276
 172         "p-ou"   24  244.620193 204.672882 249.701859
 173         "p-uu"   40   81.338852 174.121109 105.155724
 174        "i-N+a"  168  525.579407 502.618774 617.629456
 175        "p-u+k"   10   12.660787  10.901321  16.960108
 176        "p-u+n"   52   61.476292  55.221859  67.907120
 177       "a-p+uu"   40  216.125061  71.962868  48.000446
 178        "f-i+r"    4   16.253378   7.069518  12.952991
 179        "f-i+t"   53   60.540363  70.748978 173.550140
 180       "h-aa+N"    9   62.130074  43.774292  25.720903
 181       "ii-m+a"  103  230.750137 200.794266 194.973267
 182         "h+aa"    9   27.247931  22.090954  26.557220
 183         "h+ae"   92  229.959473 143.408356 132.971375
 184         "h+au"   23  154.407990  72.583488  70.676262
 185         "h+ee"   24  103.081261  65.514984  98.721245
 186         "h+ei"   24  155.407516  70.011078  73.805000
 187         "h+ii"   23   85.787308  49.261707  44.916195
 188         "h+oe"   25  135.741379 101.203110 121.612801
 189         "h+oi"   24  121.618721  79.744522  63.760136
 190         "h+ou"   24  110.762169  92.614014  99.160194
 191       "h-ae+r"   92  209.236664 234.770767 159.331558
 192         "h-au"   23  189.915985 161.859528 207.879700
 193         "h-ee"   24  473.822540 156.553833 183.611237
 194         "h-ei"   24  203.903305 326.807495 209.864746
 195         "h-ii"   23  150.642166 392.554962 175.898407
 196         "h-oe"   25  109.341331 203.883133 267.786865
 197         "h-oi"   24   96.190742 111.097885 318.351227
 198         "h-ou"   61  612.021851 454.073730 345.780945
 199        "i-h+i"   30   53.302143  43.012749  68.220474
 200        "i-k+a"   93  402.115631 183.854630 126.559219
 201        "i-k+i"  151  428.034454 191.661392 196.261612
 202        "i-m+a"  108  401.525482 192.871658 176.524750
 203       "au-N+a"   22   70.933434  68.200348  95.391396
 204      "ee-n+aa"   10   36.303833  32.163891  37.500893
 205      "ee-n+ei"   23  122.531723  78.595230  87.079163
 206        "i-r+a"    1    1.004827   1.686845   1.014971
 207        "i-r+i"    4    6.999751   4.001068   5.944683
 208        "i-t+e"    1    7.160076   1.486909   0.999974
 209        "i-t+u"   53  335.859100 106.952324  69.101822
 210        "i-w+a"  111  443.084320 199.749207 206.543411
 211        "i-w+i"  100  253.376083 171.885757 158.636581
 212       "ae-r+e"   92  175.359436 127.631386 144.000671
 213        "o-N+i"    2    3.447186   2.030663   2.011093
 214       "t-ii+m"  103  251.412659 233.388229 182.206009
 215       "t-aa+n"   25  336.113068 128.406372  65.756836
 216      "oe-t+oe"   25  147.668930  63.509048 137.429428
 217         "r-ae"  157  1020.582458 567.724426 594.171753
 218        "o-a+n"   45  106.073143  67.071304  66.232849
 219       "oo-f+i"    4   14.835356   5.199501   4.858041
 220       "a-r+ae"  157  223.831375 207.214935 353.814880
 221       "t-au+h"   37  210.668839 237.316986 203.518082
 222        "o-h+a"   74  182.415787 117.047707 171.131927
 223        "o-h+o"   92  264.212280 154.510269 185.743118
 224        "o-k+o"   52  137.857040  73.069054  65.064125
 225       "k-oo+r"  138  376.901245 303.543671 404.547180
 226        "o-n+o"   73  262.190704 168.815231 160.298447
 227       "oo-r+e"  138  418.000793 242.725998 380.389862
 228        "o-p+u"   52  291.938354 106.389763  64.482605
 229        "o-r+a"   38   54.491665  46.144852  73.231575
 230        "o-r+i"  164  311.362854 209.326584 235.221420
 231        "o-r+u"  110  184.756470 161.038452 381.153412
 232        "r-a+N"   81  197.617584 140.034561 134.744247
 233        "r-a+k"  107  212.715042 244.819626 561.802795
 234        "r-a+t"    1    2.165943   1.253084   5.131608
 235        "r-e+r"  138  186.838028 215.483536 252.904449
 236        "N-a+t"    1    2.543183   1.326116   3.690382
 237       "m-ou+t"   25   88.459457 109.573700 205.352814
 238       "aa-h+i"  116  321.990417 171.786728 216.906662
 239        "r-i+N"   10   12.017873  15.801229  32.415222
 240        "r-i+k"  151  173.311035 255.527252 565.749146
 241        "r-i+m"  108  147.604568 148.602554 378.600006
 242       "aa-i+N"  158  214.743134 221.971497 281.405121
 243      "au-h+ou"   37  252.769867  99.980179 172.728226
 244        "e-r+e"   25   55.626392  52.913795 156.740997
 245        "e-r+o"  138  257.334259 203.090118 244.470337
 246        "e-t+e"   11   32.140442  17.934004  18.309669
 247       "aa-n+e"   25  137.029922  78.855293  90.460876
 248        "r-o+h"   61  167.414810  86.514175 110.108269
 249       "aa-o+r"  164  291.718628 289.625488 286.717072
 250        "h-a+p"   40   68.926125  79.456467 273.554230
 251         "k+aa"  158  403.934235 317.868866 326.765625
 252         "k+au"   68  202.764633 123.706001 106.649925
 253         "k+ee"   25   70.057770  57.003643  63.509972
 254         "k+ei"   24   65.880905  49.883713  64.763191
 255         "k+ii"   25   76.607010  45.050163  39.246899
 256       "aa-t+u"   68  465.257233 135.914642  86.434006
 257         "k+oe"   10   45.370602  20.033869  13.631293
 258         "k+oo"  138  443.487640 237.970642 171.942154
 259        "r-u+a"  210  749.339783 425.741608 668.754456
 260         "k-au"  123  483.714783 376.717804 382.996948
 261         "k-ee"   25  507.153015 181.378845 192.869019
 262         "k-ei"   24  228.238007 293.524933 228.837128
 263         "k-ii"   25  145.910751 418.288177 209.134720
 264         "k-oe"   10   24.618229  61.235977  47.674618
 265        "u-i+a"   94  152.765503 283.017700 386.401703
 266        "h-o+N"    2    3.693927   5.870261   6.420034
 267        "u-k+u"   10   33.683819  14.266651  10.217443
 268        "a-N+a"  175  533.708679 368.743408 551.480713
 269        "a-N+i"   51  173.299377  76.880707  88.539482
 270        "u-n+a"   52  141.441757 120.208824 107.541161
 271        "k-a+N"   93  192.144989 151.975662 172.116623
 272       "ou-t+e"   25  165.828888  52.590656  39.957928
 273        "k-a+r"  153  263.999207 181.730621 180.296204
