   1         "t+aa"   25  118.112656  51.015003  91.985062
   2         "t+ae"   24  115.694969  51.352123  76.413155
   3         "t+ai"   25  113.951263  59.292126 141.295013
   4         "t+au"   37   49.490879  52.392982  91.725098
   5         "t+ee"   33  128.895111  75.973335  66.358315
   6         "t+ii"  103  396.195526 280.945984 305.587250
   7         "t+oe"   25  118.149628  59.810410 117.017380
   8         "t+oi"   24  123.321556  59.291340 139.134430
   9         "t+uu"   59  351.377014 144.851196  92.252869
  10         "t-ae"   24  269.267517 204.724274 242.410217
  11         "t-ai"   25  127.468788 125.893478 283.395966
  12         "t-ao"   21   99.094391 255.013794 262.638428
  13         "t-au"   22  194.291977 143.841675 201.592468
  14         "t-oe"   25  118.531502 210.599136 228.265442
  15         "t-oi"   24   96.404625 100.121155 297.030396
  16         "t-ou"   21  160.002258 129.047104 165.595810
  17       "e-k+au"  123  604.142090 270.225006 227.834442
  18         "t-uu"   25  201.369400 340.579987 218.324280
  19        "k-e+t"   11   14.709296  17.483534  56.303669
  20           "sp" 4227  3733.433105
  21        "k-i+a"  107  339.717163 330.585876 390.020508
  22        "k-i+t"    1    1.839555   3.027975   1.905059
  23        "k-o+h"   13   27.587111  17.278286  38.366306
  24        "k-o+p"   52   76.176376  75.238197 210.559967
  25      "aa-t+ao"   21   98.789795  40.612789  45.817642
  26      "aa-t+au"   22  118.576752  43.308723  78.151604
  27      "aa-t+ou"   21  131.689270  45.194725  80.637222
  28       "uu-r+a"   34  105.886230  59.549721  76.102669
  29        "k-u+i"   94  151.149750 103.155998 200.302444
  30        "a-h+i"  109  201.357544 143.079529 204.612518
  31        "a-k+a"   91  395.641418 153.605789 110.446907
  32        "a-k+i"  108  321.005798 132.974121 138.108963
  33       "k-aa+i"  158  723.738281 621.430969 316.219452
  34        "a-m+a"  122  470.799652 255.765961 218.172760
  35        "a-n+a"   45  138.739944  89.279015  89.360535
  36        "a-r+a"  153  177.330231 174.349167 196.497375
  37        "a-r+i"  161  262.711487 204.344345 219.795074
  38        "a-r+o"   61   82.688011  72.783005  94.878616
  39        "a-r+u"   55   75.932350  69.479782  94.272034
  40       "m-aa+o"  164  1128.143677 309.330292 211.799545
  41       "m-aa+t"  132  984.798706 454.486206 1040.091431
  42        "a-t+a"  211  663.963867 297.619720 264.172302
  43        "a-t+i"   26  230.091110  43.576622  29.722477
  44        "n-o+h"   92  162.549408 131.332443 193.692505
  45        "a-w+a"   99  327.387024 259.301849 318.002563
  46         "m+aa"  228  799.225708 475.265961 493.873077
  47         "m+ao"   25  219.803192  69.154037  61.312374
  48         "m+au"   47  298.559937 112.567337 119.054474
  49         "m+ou"   25  133.603561  74.533913  78.887703
  50         "m-ai"   92  216.003006 233.113861 175.467804
  51         "m-ao"   25  180.502502 356.534332 280.433441
  52         "m-au"   25  269.818604 182.746948 268.031189
  53       "k-au+m"   68  188.770386 257.927124 487.992493
  54       "t-uu+r"   34   55.629070  72.969398  79.499458
  55       "m-au+N"   22   65.243958  93.496902  83.575211
  56       "t-ee+n"   33  187.476715 117.795113 112.284355
  57        "t-a+N"   52  118.365334  90.246330  87.615295
  58        "t-a+h"  109  212.022659 145.443054 173.539841
  59        "t-a+m"  122  192.550415 168.256836 275.956604
  60        "t-a+r"   39  104.307510  62.609737  60.916389
  61       "e-m+ai"   92  356.189240 185.864944 171.974747
  62        "t-e+a"    1    0.999996   0.999996   0.999996
  63        "t-e+k"  123  136.474426 181.925766 370.711487
  64        "t-e+r"   25   43.657379  80.868721  50.914223
  65       "h-oi+h"   24   86.892235 199.798813 131.478302
  66       "w-aa+h"  116  543.350403 366.213959 301.696533
  67        "t-i+k"   93  102.637505 109.878456 210.857285
  68        "t-i+r"    1    1.000003   1.000006   1.000001
  69        "t-i+u"   25   30.023911  43.572163 104.212502
  70       "w-ae+w"   22  100.515160  62.746864  72.029633
  71       "w-ai+a"   78  206.784012 273.547302 232.403503
  72       "w-ai+r"   36  109.469597 121.489822 143.319733
  73         "n-au"   88  384.242035 192.005905 195.816895
  74         "n-ei"   23  166.267456 147.436234 202.899216
  75         "n-oo"    1    0.999977   0.999977   0.999978
  76        "t-o+r"  110  240.430542 173.426407 181.255814
  77          "N-a"  364  554.963257 453.091217 558.494019
  78          "N-i"   53   96.241020  87.715469 190.370865
  79       "a-n+oo"    1    6.384439   4.641189   1.969896
  80        "t-u+a"   68   85.805748  69.924049 198.770294
  81        "w-a+k"   91  134.315811 141.960617 343.443115
  82        "w-a+r"   55  118.838242  75.030029  77.029343
  83         "f+aa"  161  744.782532 380.061951 417.179016
  84      "aa-n+au"   88  353.774750 242.090378 228.301239
  85         "f-aa"   73  580.894409 156.029648 151.041031
  86         "w+aa"  240  532.471558 647.643250 664.227417
  87         "w+ae"   22   43.375938  51.831566  59.756523
  88         "w+ai"  114  219.323044 199.646240 229.261841
  89         "w-aa"  124  1118.834106 348.890564 369.011810
  90         "w-ae"   22   58.461834  69.694588  83.264359
  91          "a+r"   61  395.822601 108.695740  78.737709
  92          "a+w"   99  620.964722 290.725433 252.579987
  93      "oi-h+oi"   24  133.164093  91.893372 116.612961
  94        "m-a+r"  279  448.122406 322.756439 320.907135
  95        "m-a+t"  157  305.118591 294.769775 763.565308
  96       "p-oo+f"    4   13.016899   7.989918   8.148282
  97          "e+n"   92  225.914063 333.976990 199.295868
  98          "f+i"   53  181.578552  82.321419  63.010571
  99       "t-oe+t"   25   93.393105 148.287521 221.527344
 100          "h+a"   40  102.828552  59.764828  50.799892
 101          "h+o"    2    2.837891   2.299956   9.367545
 102          "h-a"   74  140.439224  94.029488 103.755196
 103          "h-i"  255  380.811890 414.721405 1050.946777
 104          "h-o"   92  202.667358 139.419357 156.468109
 105       "ai-a+t"   78  215.153015 169.325653 389.678986
 106          "i+w"  211  375.911652 618.184692 855.947998
 107          "i-a"  201  678.861084 306.540253 327.228607
 108          "i-u"   25   43.805058  30.938349 130.785553
 109        "m-i+h"   30   49.558678  58.301258  73.853004
 110          "k+a"  184  461.277039 288.101410 219.317429
 111          "k+e"   11   36.183960  20.875397  17.977270
 112          "k+o"   13   25.538895  21.890305  18.065495
 113          "k+u"   94  340.217712 198.621536 115.552452
 114          "k-a"   91  191.970505 128.233383 160.152664
 115          "k-i"  151  419.850037 349.325043 734.951233
 116          "k-u"   10   10.959848  11.002723  37.411797
 117          "m+a"  211  738.245178 413.212219 380.786896
 118          "m+i"   30   99.005234  34.467686  40.983524
 119          "m+o"   97  373.590118 140.947159 138.658676
 120          "m-a"  108  235.944443 126.728477 155.921906
 121          "n-a"   97  124.081474 111.428940 122.700523
 122          "n-e"   25   47.718441 163.185715 106.260529
 123          "n-o"   73  271.392151  95.189774 126.607826
 124          "o+n"   73  320.864777 174.110977 136.664505
 125          "p+u"   10   23.270760  14.385809  16.003490
 126        "m-o+a"   45  188.559418 104.218651  70.753830
 127        "m-o+k"   52   75.242851  72.287315 140.033096
 128          "r+a"    1    1.000000   1.000000   1.000000
 129          "r+i"  108  184.447510 177.225784 202.588303
 130          "r-e"   25   41.019524 104.425560 116.106766
 131          "r-i"  168  195.663055 226.495926 670.010742
 132          "r-o"  138  403.759674 189.496399 214.134872
 133          "r-u"  165  243.600494 179.567429 577.922241
 134          "t+a"  292  582.257996 373.037628 351.892456
 135          "t+e"  123  217.473450 146.153229 138.972351
 136          "t+i"   93  313.282959 139.173294 112.577354
 137          "t+o"  110  265.536743 184.268173 166.132599
 138          "t-a"  181  433.281921 217.454514 248.961380
 139          "t-e"   11   12.087205  25.908915  14.449913
 140          "t-u"   53   72.081421  56.231308 154.697296
 141          "sil" 8454  24383.648438 3733.433105 9772.594727
 142          "u-a"  104  289.679382 137.954834 173.912842
 143          "w+a"  146  327.369202 258.739258 234.897232
 144          "w-a"  210  474.884796 307.708954 355.955109
 145          "w-i"  100  190.567947 223.210495 393.382751
 146      "ae-w+ae"   22  124.655540  56.187271  53.619526
 147       "ai-r+u"   36  139.679153  55.079605  60.118584
 148         "N-ii"    9   32.471394  27.970827  26.323011
 149      "au-m+aa"   68  237.888763 166.013000 171.799683
 150         "p+ae"   24  110.208099  72.985527  70.642517
 151         "p+ai"   24  135.229019  71.728470 126.358719
 152         "p+ao"   25  112.559334  59.054802  51.101948
 153         "p+au"   25  113.941673  64.999634  94.018280
 154      "aa-N+ii"    9   46.838608  18.742203  17.559412
 155         "p+oo"   28  131.875824  74.679802  78.869499
 156         "p+ou"   24   98.020660 101.168465 102.578560
 157         "p-ae"   24  215.866913 195.900864 285.403534
 158         "p-ai"   54  167.761353 219.325455 325.698120
 159         "p-ao"   25  155.575150 336.354095 290.992157
 160         "p-au"   25  199.356079 184.116684 279.176331
 161       "f-aa+n"   88  570.181702 302.949005 184.850281
 162         "p-oo"   24  393.558685  85.376801  98.136963
 163         "p-ou"   24  243.404617 198.345566 244.622467
 164         "p-uu"   40   79.005066 160.110229  88.870667
 165        "i-N+a"  168  514.906067 491.062714 585.502197
 166        "p-u+k"   10   12.907648  10.768166  21.516886
 167        "p-u+n"   52   65.087845  54.600292  69.245071
 168       "a-p+ai"   30  118.606949  71.692726  53.608288
 169       "a-p+uu"   40  208.032883  71.812904  46.833298
 170        "f-i+r"    4   15.539812   7.937501  12.999158
 171        "f-i+t"   53   59.135700  67.355835 170.598633
 172       "h-aa+N"    9   62.230495  43.229382  26.672428
 173       "ii-m+a"  103  237.613190 201.428802 197.680084
 174         "h+aa"    9   27.623266  21.987680  26.060392
 175         "h+ae"   92  219.345917 140.389709 125.732498
 176         "h+au"   23  172.747574  71.890793  69.345337
 177         "h+ee"   24  105.056282  65.866066  96.987114
 178         "h+ei"   24  164.512512  70.816948  72.332619
 179         "h+ii"   23   86.276405  49.318630  44.374222
 180         "h+oe"   25  135.348755 102.290077 125.062904
 181         "h+oi"   24  126.599083  79.828873  63.999973
 182         "h+ou"   24  132.330017  92.922325  98.586678
 183       "h-ae+r"   92  211.849640 234.532410 163.998093
 184         "h-au"   23  188.641861 158.864136 208.464249
 185         "h-ee"   24  475.356323 154.991760 176.153854
 186         "h-ei"   24  205.421738 314.023315 214.691284
 187         "h-ii"   23  151.133881 390.099640 167.516296
 188         "h-oe"   25  106.130470 177.792175 273.007660
 189         "h-oi"   24   96.004456 109.748634 309.501648
 190         "h-ou"   61  615.778381 435.580933 339.348694
 191        "i-h+i"   30   49.376324  40.792919  57.708618
 192       "n-aa+k"   10   34.141041  26.781021  72.252930
 193        "i-k+a"   93  401.651245 182.276978 125.871437
 194        "i-k+i"  151  353.313385 176.892715 200.202911
 195        "i-m+a"  108  366.095093 189.539063 168.616776
 196       "au-N+a"   22   72.250954  63.836597  90.565590
 197      "ee-n+aa"   10   36.982323  31.476425  37.985249
 198      "ee-n+ei"   23  121.291840  76.698761  88.339966
 199        "i-r+a"    1    1.000768   1.382888   1.105190
 200        "i-r+i"    4    5.026605   4.952449   4.271158
 201        "i-t+e"    1    7.204799   1.605234   1.000123
 202        "i-t+u"   53  316.043518  95.258583  61.502480
 203        "i-w+a"  111  433.661957 193.623245 195.069031
 204        "i-w+i"  100  255.372742 178.990295 156.138321
 205       "ae-r+e"   92  180.792511 151.967575 167.008041
 206        "o-N+i"    2    3.526191   2.039261   2.023591
 207       "t-ii+m"  103  253.150955 233.236420 178.736069
 208       "t-aa+n"   25  336.107910 126.960663  65.886803
 209      "oe-t+oe"   25  145.621399  63.860104 138.963348
 210         "r-ae"  157  993.428040 527.203125 532.994080
 211        "o-a+n"   45  105.821991  64.893753  64.207352
 212       "oo-f+i"    4   15.570008   4.951184   4.847331
 213       "a-r+ae"  157  220.649582 199.529190 347.001953
 214       "t-au+h"   37  193.521408 238.031799 208.724777
 215        "o-h+a"   74  182.409485 113.118301 148.456635
 216        "o-h+o"   92  256.124542 142.846863 162.260193
 217        "o-k+o"   52  131.968277  73.641472  68.986809
 218       "k-oo+r"  138  378.050171 302.408875 384.449646
 219        "o-n+o"   73  258.564850 160.111969 146.668808
 220       "oo-r+e"  138  403.430023 240.625641 366.296417
 221        "o-p+u"   52  292.557068 108.148560  64.594002
 222        "e-a+n"    1    0.999997   1.001063   1.001390
 223        "o-r+i"  164  297.819489 209.291931 204.872177
 224        "o-r+u"  110  169.521713 134.233307 212.808960
 225        "r-a+N"   81  198.040833 133.641724 130.746445
 226        "r-a+k"  107  217.918335 239.156204 551.181946
 227        "r-a+t"    1    2.393805   1.328769   5.373302
 228        "r-e+m"   92  106.531937 125.829994 281.779022
 229        "r-e+r"  138  180.363190 244.526184 240.512253
 230        "N-a+t"    1    2.871108   1.434273   3.609026
 231       "m-ou+t"   25   88.112091 104.967079 217.219589
 232        "e-n+o"   92  372.960907 242.306686 174.635162
 233       "aa-h+i"  116  274.285645 143.167496 182.984909
 234        "r-i+N"   10   12.116576  14.577727  31.863651
 235        "r-i+k"  151  176.443527 250.234619 525.383606
 236        "r-i+m"  108  147.571808 138.054993 340.507202
 237       "aa-i+N"  158  214.910233 210.753372 275.081909
 238      "au-h+ou"   37  258.642151 102.405098 173.645432
 239        "e-r+e"   25   48.048180  49.523636 114.187851
 240        "e-r+o"  138  231.749512 188.249084 235.742432
 241        "e-t+e"   11   29.690268  16.084866  15.064795
 242       "aa-n+e"   25  138.138504  73.471542  67.697868
 243        "r-o+h"   61  162.423737  87.083649 108.058937
 244       "aa-o+r"  164  286.801483 275.245575 269.694397
 245        "h-a+p"   40   68.469734  75.431557 263.665192
 246         "k+aa"  158  422.675873 329.914764 323.642914
 247         "k+au"   68  213.963135 126.208275 105.291405
 248         "k+ee"   25  109.426003  58.134556  63.386509
 249         "k+ei"   24  118.098869  53.310558  65.026863
 250         "k+ii"   25   86.246429  45.014431  38.727856
 251       "aa-t+u"   68  450.200775 121.985252  84.726974
 252         "k+oo"  138  469.778015 239.389267 171.461212
 253        "r-u+a"   36   95.494804  43.349335 166.033569
 254         "k-au"  123  451.258698 335.497345 341.070618
 255         "k-ee"   25  508.005188 178.037033 188.486008
 256         "k-ei"   24  227.647186 284.898712 225.729553
 257         "k-ii"   25  145.907089 415.698242 199.703049
 258         "k-oe"   10   23.510319  58.378258  42.320210
 259        "u-i+a"   94  130.279770 257.343964 368.647644
 260        "h-o+N"    2    3.286642   5.846611   6.180133
 261        "u-k+u"   10   30.068655  13.126509  10.100275
 262      "aa-k+oe"   10   52.257957  20.412489  14.400042
 263        "a-N+a"  175  517.619568 350.367767 522.021851
 264        "a-N+i"   51  169.283386  74.603348  80.262924
 265        "u-n+a"   52  123.462517 108.379791  86.927910
 266        "k-a+N"   93  191.028412 147.597946 158.030380
 267       "ou-t+e"   25  157.939560  53.164684  39.949947
 268        "k-a+k"    1    1.000000   1.001122   1.002796
 269        "k-a+p"   30   98.875694  65.336800 153.526001
 270        "k-a+r"  153  265.903839 181.647873 179.517807
